         weight_2022 pitax_2022 total_gross_income_2022  weight_2023 pitax_2023 total_gross_income_2023  weight_2024 pitax_2024 total_gross_income_2024  weight_2025 pitax_2025 total_gross_income_2025  weight_2026 pitax_2026 total_gross_income_2026 weight_ref_2026 pitax_ref_2026 total_gross_income_ref_2026 weight_ref_2027 pitax_ref_2027 total_gross_income_ref_2027 weight_ref_2028 pitax_ref_2028 total_gross_income_ref_2028 weight_ref_2029 pitax_ref_2029 total_gross_income_ref_2029 weight_ref_2030 pitax_ref_2030 total_gross_income_ref_2030
 0-10n           -99          0                       0          -99          0                       0          -99          0                       0          -99          0                       0          -99          0                       0             -99              0                           0             -99              0                           0             -99              0                           0             -99              0                           0             -99              0                           0
 0-10z           -99          0                       0          -99          0                       0          -99          0                       0          -99          0                       0          -99          0                       0             -99              0                           0             -99              0                           0             -99              0                           0             -99              0                           0             -99              0                           0
 0-10p    13,181,490          3                     273   14,644,636          3                     273   15,606,884          3                     273   14,473,276          3                     273   14,473,276          3                     273      14,473,276              0                         273      14,473,276              0                         273      14,473,276              0                         273      14,473,276              0                         273      14,473,276              0                         273
 10-20    13,181,881        134                   9,599   14,645,070        134                   9,599   15,607,348        134                   9,599   14,473,706        134                   9,599   14,473,706        134                   9,599      14,473,706              2                       9,599      14,473,706              2                       9,599      14,473,706              2                       9,599      14,473,706              2                       9,599      14,473,706              2                       9,599
 20-30    13,181,801        682                  27,102   14,644,981        682                  27,102   15,607,252        682                  27,102   14,473,617        682                  27,102   14,473,617        682                  27,102      14,473,617              3                      27,102      14,473,617              3                      27,102      14,473,617              3                      27,102      14,473,617              3                      27,102      14,473,617              3                      27,102
 30-40    13,182,513      1,530                  45,216   14,645,771      1,530                  45,216   15,608,095      1,530                  45,216   14,474,399      1,530                  45,216   14,474,399      1,530                  45,216      14,474,399            275                      45,216      14,474,399            275                      45,216      14,474,399            275                      45,216      14,474,399            275                      45,216      14,474,399            275                      45,216
 40-50    13,181,131      1,903                  62,581   14,644,237      1,903                  62,581   15,606,459      1,903                  62,581   14,472,882      1,903                  62,581   14,472,882      1,903                  62,581      14,472,882          1,467                      62,581      14,472,882          1,467                      62,581      14,472,882          1,467                      62,581      14,472,882          1,467                      62,581      14,472,882          1,467                      62,581
 50-60    13,182,143      2,503                  78,724   14,645,361      2,503                  78,724   15,607,658      2,503                  78,724   14,473,993      2,503                  78,724   14,473,993      2,503                  78,724      14,473,993          2,699                      78,724      14,473,993          2,699                      78,724      14,473,993          2,699                      78,724      14,473,993          2,699                      78,724      14,473,993          2,699                      78,724
 60-70    13,181,713      5,041                  97,562   14,644,884      5,041                  97,562   15,607,149      5,041                  97,562   14,473,521      5,041                  97,562   14,473,521      5,041                  97,562      14,473,521          4,163                      97,562      14,473,521          4,163                      97,562      14,473,521          4,163                      97,562      14,473,521          4,163                      97,562      14,473,521          4,163                      97,562
 70-80    13,182,637      7,245                 123,294   14,645,909      7,245                 123,294   15,608,242      7,245                 123,294   14,474,535      7,245                 123,294   14,474,535      7,245                 123,294      14,474,535          6,331                     123,294      14,474,535          6,331                     123,294      14,474,535          6,331                     123,294      14,474,535          6,331                     123,294      14,474,535          6,331                     123,294
 80-90    13,181,932     12,479                 168,956   14,645,126     12,479                 168,956   15,607,407     12,479                 168,956   14,473,761     12,479                 168,956   14,473,761     12,479                 168,956      14,473,761         12,518                     168,956      14,473,761         12,518                     168,956      14,473,761         12,518                     168,956      14,473,761         12,518                     168,956      14,473,761         12,518                     168,956
 90-100   13,181,972     54,201                 399,009   14,645,171     54,201                 399,009   15,607,455     54,201                 399,009   14,473,805     54,201                 399,009   14,473,805     54,201                 399,009      14,473,805         58,119                     399,009      14,473,805         58,119                     399,009      14,473,805         58,119                     399,009      14,473,805         58,119                     399,009      14,473,805         58,119                     399,009
 ALL     131,819,213      8,572                 101,232  146,451,146      8,572                 101,232  156,073,948      8,572                 101,232  144,737,496      8,572                 101,232  144,737,496      8,572                 101,232     144,737,496          8,558                     101,232     144,737,496          8,558                     101,232     144,737,496          8,558                     101,232     144,737,496          8,558                     101,232     144,737,496          8,558                     101,232
 90-95     6,590,438     22,637                 243,373    7,321,977     22,637                 243,373    7,803,079     22,637                 243,373    7,236,301     22,637                 243,373    7,236,301     22,637                 243,373       7,236,301         23,282                     243,373       7,236,301         23,282                     243,373       7,236,301         23,282                     243,373       7,236,301         23,282                     243,373       7,236,301         23,282                     243,373
 95-99     5,271,574     46,280                 396,990    5,856,719     46,279                 396,990    6,241,544     46,280                 396,990    5,788,189     46,280                 396,990    5,788,189     46,280                 396,990       5,788,189         51,715                     396,990       5,788,189         51,715                     396,990       5,788,189         51,715                     396,990       5,788,189         51,715                     396,990       5,788,189         51,715                     396,990
 Top 1%    1,319,960    243,433               1,184,145    1,466,475    243,433               1,184,145    1,562,832    243,433               1,184,145    1,449,316    243,433               1,184,145    1,449,316    243,433               1,184,145       1,449,316        257,634                   1,184,145       1,449,316        257,634                   1,184,145       1,449,316        257,634                   1,184,145       1,449,316        257,634                   1,184,145       1,449,316        257,634                   1,184,145

