              weight_2022 pitax_2022 total_gross_income_2022       weight_2023 pitax_2023 total_gross_income_2023       weight_2024 pitax_2024 total_gross_income_2024       weight_2025 pitax_2025 total_gross_income_2025       weight_2026 pitax_2026 total_gross_income_2026   weight_ref_2026 pitax_ref_2026 total_gross_income_ref_2026   weight_ref_2027 pitax_ref_2027 total_gross_income_ref_2027   weight_ref_2028 pitax_ref_2028 total_gross_income_ref_2028   weight_ref_2029 pitax_ref_2029 total_gross_income_ref_2029   weight_ref_2030 pitax_ref_2030 total_gross_income_ref_2030
<0                    0.0          0                       0               0.0          0                       0               0.0          0                       0               0.0          0                       0               0.0          0                       0               0.0              0                           0               0.0              0                           0               0.0              0                           0               0.0              0                           0               0.0              0                           0
=0        10431435.974944          0                      -0   11589325.368163          0                      -0   12350820.194334          0                      -0   11453716.700488          0                      -0   11453716.700488          0                      -0   11453716.700488              0                          -0   11453716.700488              0                          -0   11453716.700488              0                          -0   11453716.700488              0                          -0   11453716.700488              0                          -0
0-0.5 m  119291649.447217    750,416              11,353,106  132533022.535858    833,711              12,613,300  141241312.945505    888,493              13,442,077  130982231.093044    823,957              12,465,710  130982231.093044    823,957              12,465,710  130982231.093044        793,787                  12,465,710  130982231.093044        793,787                  12,465,710  130982231.093044        793,787                  12,465,710  130982231.093044        793,787                  12,465,710  130982231.093044        793,787                  12,465,710
0.5-1m     1643710.916392    166,960               1,081,758    1826162.828112    185,489               1,201,833    1946153.725008    197,682               1,280,801    1804794.586198    183,322               1,187,770    1804794.586198    183,322               1,187,770    1804794.586198        202,510                   1,187,770    1804794.586198        202,510                   1,187,770    1804794.586198        202,510                   1,187,770    1804794.586198        202,510                   1,187,770    1804794.586198        202,510                   1,187,770
1-1.5m      239184.780887     55,452                 290,160     265734.291565     61,607                 322,367      283194.78057     65,655                 343,549     262624.889413     60,886                 318,595     262624.889413     60,886                 318,595     262624.889413         65,047                     318,595     262624.889413         65,047                     318,595     262624.889413         65,047                     318,595     262624.889413         65,047                     318,595     262624.889413         65,047                     318,595
1.5-2m       97087.299859     39,461                 171,284     107863.990143     43,841                 190,296     114951.363033     46,722                 202,800     106601.855245     43,328                 188,070     106601.855245     43,328                 188,070     106601.855245         45,182                     188,070     106601.855245         45,182                     188,070     106601.855245         45,182                     188,070     106601.855245         45,182                     188,070     106601.855245         45,182                     188,070
2-3m         69692.425664     42,206                 169,466      77428.284913     46,891                 188,277      82515.831986     49,972                 200,648      76522.283379     46,343                 186,074      76522.283379     46,343                 186,074      76522.283379         47,742                     186,074      76522.283379         47,742                     186,074      76522.283379         47,742                     186,074      76522.283379         47,742                     186,074      76522.283379         47,742                     186,074
3-4m         20990.986631     17,799                  70,913      23320.986147     19,775                  78,784      24853.328171     21,074                  83,961       23048.10332     19,544                  77,862       23048.10332     19,544                  77,862       23048.10332         20,029                      77,862       23048.10332         20,029                      77,862       23048.10332         20,029                      77,862       23048.10332         20,029                      77,862       23048.10332         20,029                      77,862
4-5m          8873.119179     10,188                  38,422       9858.035407     11,319                  42,687      10505.773108     12,062                  45,492       9742.684858     11,186                  42,188       9742.684858     11,186                  42,188       9742.684858         11,400                      42,188       9742.684858         11,400                      42,188       9742.684858         11,400                      42,188       9742.684858         11,400                      42,188       9742.684858         11,400                      42,188
5-10m         9480.775089     18,218                  59,821      10533.141124     20,240                  66,461      11225.237706     21,570                  70,828      10409.891048     20,003                  65,683      10409.891048     20,003                  65,683      10409.891048         20,274                      65,683      10409.891048         20,274                      65,683      10409.891048         20,274                      65,683      10409.891048         20,274                      65,683      10409.891048         20,274                      65,683
>10m          7107.224102     29,286                 109,397       7896.125977     32,537                 121,540       8414.953337     34,674                 129,526       7803.732064     32,156                 120,118       7803.732064     32,156                 120,118       7803.732064         32,654                     120,118       7803.732064         32,654                     120,118       7803.732064         32,654                     120,118       7803.732064         32,654                     120,118       7803.732064         32,654                     120,118
ALL      131819212.949963  1,129,986              13,344,325  146451145.587409  1,255,410              14,825,545  156073948.132756  1,337,906              15,799,681  144737495.819059  1,240,725              14,652,069  144737495.819059  1,240,725              14,652,069  144737495.819059      1,238,624                  14,652,069  144737495.819059      1,238,624                  14,652,069  144737495.819059      1,238,624                  14,652,069  144737495.819059      1,238,624                  14,652,069  144737495.819059      1,238,624                  14,652,069

