          weight_2022      pitax_2022 total_gross_income_2022       weight_2023      pitax_2023 total_gross_income_2023       weight_2024      pitax_2024 total_gross_income_2024       weight_2025      pitax_2025 total_gross_income_2025       weight_2026      pitax_2026 total_gross_income_2026   weight_ref_2026  pitax_ref_2026 total_gross_income_ref_2026   weight_ref_2027  pitax_ref_2027 total_gross_income_ref_2027   weight_ref_2028  pitax_ref_2028 total_gross_income_ref_2028   weight_ref_2029  pitax_ref_2029 total_gross_income_ref_2029   weight_ref_2030  pitax_ref_2030 total_gross_income_ref_2030     ETR ETR_ref
0      1,317,621.2687          0.0000                 -0.0000    1,463,877.2295          0.0000                 -0.0000    1,560,063.5821          0.0000                 -0.0000    1,446,748.1530          0.0000                 -0.0000    1,446,748.1530          0.0000                 -0.0000    1,446,748.1530          0.0000                     -0.0000    1,446,748.1530          0.0000                     -0.0000    1,446,748.1530          0.0000                     -0.0000    1,446,748.1530          0.0000                     -0.0000    1,446,748.1530          0.0000                     -0.0000     nan     nan
1      1,318,450.5008          0.0000                  0.0000    1,464,798.5063          0.0000                  0.0000    1,561,045.3929          0.0000                  0.0000    1,447,658.6498          0.0000                  0.0000    1,447,658.6498          0.0000                  0.0000    1,447,658.6498          0.0000                      0.0000    1,447,658.6498          0.0000                      0.0000    1,447,658.6498          0.0000                      0.0000    1,447,658.6498          0.0000                      0.0000    1,447,658.6498          0.0000                      0.0000     nan     nan
2      1,317,137.8297          0.0000                  0.0000    1,463,340.1288          0.0000                  0.0000    1,559,491.1904          0.0000                  0.0000    1,446,217.3370          0.0000                  0.0000    1,446,217.3370          0.0000                  0.0000    1,446,217.3370          0.0000                      0.0000    1,446,217.3370          0.0000                      0.0000    1,446,217.3370          0.0000                      0.0000    1,446,217.3370          0.0000                      0.0000    1,446,217.3370          0.0000                      0.0000     nan     nan
3      1,317,819.3443          0.0000                  0.0000    1,464,097.2916          0.0000                  0.0000    1,560,298.1037          0.0000                  0.0000    1,446,965.6401          0.0000                  0.0000    1,446,965.6401          0.0000                  0.0000    1,446,965.6401          0.0000                      0.0000    1,446,965.6401          0.0000                      0.0000    1,446,965.6401          0.0000                      0.0000    1,446,965.6401          0.0000                      0.0000    1,446,965.6401          0.0000                      0.0000     nan     nan
4      1,318,611.6471          0.0000                  0.0000    1,464,977.5399          0.0000                  0.0000    1,561,236.1901          0.0000                  0.0000    1,447,835.5885          0.0000                  0.0000    1,447,835.5885          0.0000                  0.0000    1,447,835.5885          0.0000                      0.0000    1,447,835.5885          0.0000                      0.0000    1,447,835.5885          0.0000                      0.0000    1,447,835.5885          0.0000                      0.0000    1,447,835.5885          0.0000                      0.0000     nan     nan
5      1,319,234.4105          0.0000                  0.0000    1,465,669.4300          0.0000                  0.0000    1,561,973.5420          0.0000                  0.0000    1,448,519.3827          0.0000                  0.0000    1,448,519.3827          0.0000                  0.0000    1,448,519.3827          0.0000                      0.0000    1,448,519.3827          0.0000                      0.0000    1,448,519.3827          0.0000                      0.0000    1,448,519.3827          0.0000                      0.0000    1,448,519.3827          0.0000                      0.0000     nan     nan
6      1,318,457.2152          0.0000                  0.0000    1,464,805.9661          0.0000                  0.0000    1,561,053.3428          0.0000                  0.0000    1,447,666.0223          0.0000                  0.0000    1,447,666.0223          0.0000                  0.0000    1,447,666.0223          0.0000                      0.0000    1,447,666.0223          0.0000                      0.0000    1,447,666.0223          0.0000                      0.0000    1,447,666.0223          0.0000                      0.0000    1,447,666.0223          0.0000                      0.0000     nan     nan
7      1,318,071.1355          0.0000                 13.0000    1,464,377.0315          0.0000                 15.0000    1,560,596.2244          0.0000                 16.0000    1,447,242.1067          0.0000                 15.0000    1,447,242.1067          0.0000                 15.0000    1,447,242.1067          0.0000                     15.0000    1,447,242.1067          0.0000                     15.0000    1,447,242.1067          0.0000                     15.0000    1,447,242.1067          0.0000                     15.0000    1,447,242.1067          0.0000                     15.0000  0.0000  0.0000
8      1,317,580.9821         10.0000              1,018.0000    1,463,832.4711         11.0000              1,131.0000    1,560,015.8828         12.0000              1,205.0000    1,446,703.9183         11.0000              1,117.0000    1,446,703.9183         11.0000              1,117.0000    1,446,703.9183          0.0000                  1,117.0000    1,446,703.9183          0.0000                  1,117.0000    1,446,703.9183          0.0000                  1,117.0000    1,446,703.9183          0.0000                  1,117.0000    1,446,703.9183          0.0000                  1,117.0000  0.0098  0.0000
9      1,318,505.8948         24.0000              2,564.0000    1,464,860.0491         26.0000              2,849.0000    1,561,110.9795         28.0000              3,036.0000    1,447,719.4725         26.0000              2,815.0000    1,447,719.4725         26.0000              2,815.0000    1,447,719.4725          0.0000                  2,815.0000    1,447,719.4725          0.0000                  2,815.0000    1,447,719.4725          0.0000                  2,815.0000    1,447,719.4725          0.0000                  2,815.0000    1,447,719.4725          0.0000                  2,815.0000  0.0092  0.0000
10     1,318,267.5325         35.0000              4,181.0000    1,464,595.2287         38.0000              4,645.0000    1,560,828.7585         41.0000              4,950.0000    1,447,457.7507         38.0000              4,590.0000    1,447,457.7507         38.0000              4,590.0000    1,447,457.7507          1.0000                  4,590.0000    1,447,457.7507          1.0000                  4,590.0000    1,447,457.7507          1.0000                  4,590.0000    1,447,457.7507          1.0000                  4,590.0000    1,447,457.7507          1.0000                  4,590.0000  0.0083  0.0002
11     1,318,541.1456         56.0000              5,831.0000    1,464,899.2127         62.0000              6,478.0000    1,561,152.7164         66.0000              6,904.0000    1,447,758.1778         61.0000              6,402.0000    1,447,758.1778         61.0000              6,402.0000    1,447,758.1778          2.0000                  6,402.0000    1,447,758.1778          2.0000                  6,402.0000    1,447,758.1778          2.0000                  6,402.0000    1,447,758.1778          2.0000                  6,402.0000    1,447,758.1778          2.0000                  6,402.0000  0.0095  0.0003
12     1,317,379.5492         68.0000              7,669.0000    1,463,608.6791         76.0000              8,520.0000    1,559,777.3862         81.0000              9,080.0000    1,446,482.7450         75.0000              8,421.0000    1,446,482.7450         75.0000              8,421.0000    1,446,482.7450          1.0000                  8,421.0000    1,446,482.7450          1.0000                  8,421.0000    1,446,482.7450          1.0000                  8,421.0000    1,446,482.7450          1.0000                  8,421.0000    1,446,482.7450          1.0000                  8,421.0000  0.0089  0.0001
13     1,318,210.4599         93.0000              9,518.0000    1,464,531.8209        104.0000             10,574.0000    1,560,761.1845        110.0000             11,269.0000    1,447,395.0850        102.0000             10,450.0000    1,447,395.0850        102.0000             10,450.0000    1,447,395.0850          3.0000                 10,450.0000    1,447,395.0850          3.0000                 10,450.0000    1,447,395.0850          3.0000                 10,450.0000    1,447,395.0850          3.0000                 10,450.0000    1,447,395.0850          3.0000                 10,450.0000  0.0098  0.0003
14     1,318,982.6193        113.0000             11,438.0000    1,465,389.6901        126.0000             12,708.0000    1,561,675.4213        134.0000             13,543.0000    1,448,242.9160        124.0000             12,559.0000    1,448,242.9160        124.0000             12,559.0000    1,448,242.9160          1.0000                 12,559.0000    1,448,242.9160          1.0000                 12,559.0000    1,448,242.9160          1.0000                 12,559.0000    1,448,242.9160          1.0000                 12,559.0000    1,448,242.9160          1.0000                 12,559.0000  0.0099  0.0001
15     1,317,597.7682        161.0000             13,480.0000    1,463,851.1204        179.0000             14,976.0000    1,560,035.7575        191.0000             15,960.0000    1,446,722.3494        177.0000             14,801.0000    1,446,722.3494        177.0000             14,801.0000    1,446,722.3494          1.0000                 14,801.0000    1,446,722.3494          1.0000                 14,801.0000    1,446,722.3494          1.0000                 14,801.0000    1,446,722.3494          1.0000                 14,801.0000    1,446,722.3494          1.0000                 14,801.0000  0.0120  0.0001
16     1,318,766.0790        209.0000             15,434.0000    1,465,149.1137        232.0000             17,147.0000    1,561,419.0375        248.0000             18,274.0000    1,448,005.1547        230.0000             16,947.0000    1,448,005.1547        230.0000             16,947.0000    1,448,005.1547          3.0000                 16,947.0000    1,448,005.1547          3.0000                 16,947.0000    1,448,005.1547          3.0000                 16,947.0000    1,448,005.1547          3.0000                 16,947.0000    1,448,005.1547          3.0000                 16,947.0000  0.0136  0.0002
17     1,317,517.1950        245.0000             17,213.0000    1,463,761.6036        272.0000             19,124.0000    1,559,940.3589        290.0000             20,380.0000    1,446,633.8801        269.0000             18,900.0000    1,446,633.8801        269.0000             18,900.0000    1,446,633.8801          2.0000                 18,900.0000    1,446,633.8801          2.0000                 18,900.0000    1,446,633.8801          2.0000                 18,900.0000    1,446,633.8801          2.0000                 18,900.0000    1,446,633.8801          2.0000                 18,900.0000  0.0142  0.0001
18     1,318,571.3605        377.0000             19,632.0000    1,464,932.7815        418.0000             21,811.0000    1,561,188.4908        446.0000             23,244.0000    1,447,791.3538        413.0000             21,556.0000    1,447,791.3538        413.0000             21,556.0000    1,447,791.3538          4.0000                 21,556.0000    1,447,791.3538          4.0000                 21,556.0000    1,447,791.3538          4.0000                 21,556.0000    1,447,791.3538          4.0000                 21,556.0000    1,447,791.3538          4.0000                 21,556.0000  0.0192  0.0002
19     1,318,047.6350        413.0000             22,138.0000    1,464,350.9224        459.0000             24,596.0000    1,560,568.3998        489.0000             26,212.0000    1,447,216.3032        453.0000             24,308.0000    1,447,216.3032        453.0000             24,308.0000    1,447,216.3032          4.0000                 24,308.0000    1,447,216.3032          4.0000                 24,308.0000    1,447,216.3032          4.0000                 24,308.0000    1,447,216.3032          4.0000                 24,308.0000    1,447,216.3032          4.0000                 24,308.0000  0.0186  0.0002
20     1,318,557.9316        499.0000             24,465.0000    1,464,917.8621        555.0000             27,181.0000    1,561,172.5911        591.0000             28,967.0000    1,447,776.6089        548.0000             26,863.0000    1,447,776.6089        548.0000             26,863.0000    1,447,776.6089          1.0000                 26,863.0000    1,447,776.6089          1.0000                 26,863.0000    1,447,776.6089          1.0000                 26,863.0000    1,447,776.6089          1.0000                 26,863.0000    1,447,776.6089          1.0000                 26,863.0000  0.0204  0.0000
21     1,318,240.6748        637.0000             27,057.0000    1,464,565.3897        707.0000             30,060.0000    1,560,796.9590        754.0000             32,036.0000    1,447,428.2610        699.0000             29,709.0000    1,447,428.2610        699.0000             29,709.0000    1,447,428.2610          7.0000                 29,709.0000    1,447,428.2610          7.0000                 29,709.0000    1,447,428.2610          7.0000                 29,709.0000    1,447,428.2610          7.0000                 29,709.0000    1,447,428.2610          7.0000                 29,709.0000  0.0235  0.0002
22     1,317,530.6239        679.0000             30,017.0000    1,463,776.5231        754.0000             33,348.0000    1,559,956.2587        804.0000             35,540.0000    1,446,648.6250        746.0000             32,958.0000    1,446,648.6250        746.0000             32,958.0000    1,446,648.6250          4.0000                 32,958.0000    1,446,648.6250          4.0000                 32,958.0000    1,446,648.6250          4.0000                 32,958.0000    1,446,648.6250          4.0000                 32,958.0000    1,446,648.6250          4.0000                 32,958.0000  0.0226  0.0001
23     1,318,126.5295        709.0000             31,427.0000    1,464,438.5743        788.0000             34,916.0000    1,560,661.8110        840.0000             37,210.0000    1,447,302.9294        779.0000             34,507.0000    1,447,302.9294        779.0000             34,507.0000    1,447,302.9294          2.0000                 34,507.0000    1,447,302.9294          2.0000                 34,507.0000    1,447,302.9294          2.0000                 34,507.0000    1,447,302.9294          2.0000                 34,507.0000    1,447,302.9294          2.0000                 34,507.0000  0.0226  0.0001
24     1,315,167.1445        832.0000             34,076.0000    1,461,150.6976        924.0000             37,858.0000    1,557,157.8991        985.0000             40,345.0000    1,444,053.5247        914.0000             37,415.0000    1,444,053.5247        914.0000             37,415.0000    1,444,053.5247          6.0000                 37,415.0000    1,444,053.5247          6.0000                 37,415.0000    1,444,053.5247          6.0000                 37,415.0000    1,444,053.5247          6.0000                 37,415.0000    1,444,053.5247          6.0000                 37,415.0000  0.0244  0.0002
25     1,321,189.9882      1,066.0000             37,181.0000    1,467,842.0769      1,184.0000             41,308.0000    1,564,288.9460      1,262.0000             44,022.0000    1,450,666.6070      1,170.0000             40,825.0000    1,450,666.6070      1,170.0000             40,825.0000    1,450,666.6070          2.0000                 40,825.0000    1,450,666.6070          2.0000                 40,825.0000    1,450,666.6070          2.0000                 40,825.0000    1,450,666.6070          2.0000                 40,825.0000    1,450,666.6070          2.0000                 40,825.0000  0.0287  0.0000
26     1,318,668.7197      1,039.0000             39,379.0000    1,465,040.9476      1,154.0000             43,750.0000    1,561,303.7642      1,230.0000             46,625.0000    1,447,898.2543      1,141.0000             43,238.0000    1,447,898.2543      1,141.0000             43,238.0000    1,447,898.2543          5.0000                 43,238.0000    1,447,898.2543          5.0000                 43,238.0000    1,447,898.2543          5.0000                 43,238.0000    1,447,898.2543          5.0000                 43,238.0000    1,447,898.2543          5.0000                 43,238.0000  0.0264  0.0001
27     1,317,868.0240      1,203.0000             42,034.0000    1,464,151.3746      1,337.0000             46,700.0000    1,560,355.7404      1,425.0000             49,768.0000    1,447,019.0903      1,321.0000             46,153.0000    1,447,019.0903      1,321.0000             46,153.0000    1,447,019.0903          2.0000                 46,153.0000    1,447,019.0903          2.0000                 46,153.0000    1,447,019.0903          2.0000                 46,153.0000    1,447,019.0903          2.0000                 46,153.0000    1,447,019.0903          2.0000                 46,153.0000  0.0286  0.0000
28     1,318,510.9306      1,156.0000             44,993.0000    1,464,865.6439      1,284.0000             49,987.0000    1,561,116.9419      1,369.0000             53,272.0000    1,447,725.0018      1,269.0000             49,402.0000    1,447,725.0018      1,269.0000             49,402.0000    1,447,725.0018          8.0000                 49,402.0000    1,447,725.0018          8.0000                 49,402.0000    1,447,725.0018          8.0000                 49,402.0000    1,447,725.0018          8.0000                 49,402.0000    1,447,725.0018          8.0000                 49,402.0000  0.0257  0.0002
29     1,317,940.2041      1,165.0000             46,618.0000    1,464,231.5667      1,295.0000             51,793.0000    1,560,441.2016      1,380.0000             55,196.0000    1,447,098.3441      1,280.0000             51,187.0000    1,447,098.3441      1,280.0000             51,187.0000    1,447,098.3441          3.0000                 51,187.0000    1,447,098.3441          3.0000                 51,187.0000    1,447,098.3441          3.0000                 51,187.0000    1,447,098.3441          3.0000                 51,187.0000    1,447,098.3441          3.0000                 51,187.0000  0.0250  0.0001
30     1,318,280.9614      1,301.0000             48,614.0000    1,464,610.1481      1,446.0000             54,010.0000    1,560,844.6583      1,541.0000             57,559.0000    1,447,472.4956      1,429.0000             53,378.0000    1,447,472.4956      1,429.0000             53,378.0000    1,447,472.4956          2.0000                 53,378.0000    1,447,472.4956          2.0000                 53,378.0000    1,447,472.4956          2.0000                 53,378.0000    1,447,472.4956          2.0000                 53,378.0000    1,447,472.4956          2.0000                 53,378.0000  0.0268  0.0000
31     1,318,482.3943      1,574.0000             50,989.0000    1,464,833.9401      1,749.0000             56,649.0000    1,561,083.1549      1,864.0000             60,371.0000    1,447,693.6689      1,728.0000             55,986.0000    1,447,693.6689      1,728.0000             55,986.0000    1,447,693.6689          4.0000                 55,986.0000    1,447,693.6689          4.0000                 55,986.0000    1,447,693.6689          4.0000                 55,986.0000    1,447,693.6689          4.0000                 55,986.0000    1,447,693.6689          4.0000                 55,986.0000  0.0309  0.0001
32     1,318,076.1713      1,524.0000             53,793.0000    1,464,382.6263      1,694.0000             59,764.0000    1,560,602.1868      1,805.0000             63,691.0000    1,447,247.6361      1,674.0000             59,065.0000    1,447,247.6361      1,674.0000             59,065.0000    1,447,247.6361          2.0000                 59,065.0000    1,447,247.6361          2.0000                 59,065.0000    1,447,247.6361          2.0000                 59,065.0000    1,447,247.6361          2.0000                 59,065.0000    1,447,247.6361          2.0000                 59,065.0000  0.0283  0.0000
33     1,315,642.1904      1,968.0000             56,179.0000    1,461,678.4736      2,186.0000             62,415.0000    1,557,720.3535      2,330.0000             66,516.0000    1,444,575.1251      2,160.0000             61,685.0000    1,444,575.1251      2,160.0000             61,685.0000    1,444,575.1251         56.0000                 61,685.0000    1,444,575.1251         56.0000                 61,685.0000    1,444,575.1251         56.0000                 61,685.0000    1,444,575.1251         56.0000                 61,685.0000    1,444,575.1251         56.0000                 61,685.0000  0.0350  0.0009
34     1,320,701.5134      1,720.0000             59,488.0000    1,467,299.3814      1,911.0000             66,092.0000    1,563,710.5919      2,037.0000             70,434.0000    1,450,130.2617      1,889.0000             65,318.0000    1,450,130.2617      1,889.0000             65,318.0000    1,450,130.2617        248.0000                 65,318.0000    1,450,130.2617        248.0000                 65,318.0000    1,450,130.2617        248.0000                 65,318.0000    1,450,130.2617        248.0000                 65,318.0000    1,450,130.2617        248.0000                 65,318.0000  0.0289  0.0038
35     1,318,391.7495      2,289.0000             61,755.0000    1,464,733.2337      2,544.0000             68,610.0000    1,560,975.8314      2,711.0000             73,118.0000    1,447,594.1410      2,514.0000             67,807.0000    1,447,594.1410      2,514.0000             67,807.0000    1,447,594.1410        542.0000                 67,807.0000    1,447,594.1410        542.0000                 67,807.0000    1,447,594.1410        542.0000                 67,807.0000    1,447,594.1410        542.0000                 67,807.0000    1,447,594.1410        542.0000                 67,807.0000  0.0371  0.0080
36     1,317,404.7283      2,247.0000             62,482.0000    1,463,636.6531      2,497.0000             69,417.0000    1,559,807.1983      2,661.0000             73,979.0000    1,446,510.3917      2,468.0000             68,605.0000    1,446,510.3917      2,468.0000             68,605.0000    1,446,510.3917        563.0000                 68,605.0000    1,446,510.3917        563.0000                 68,605.0000    1,446,510.3917        563.0000                 68,605.0000    1,446,510.3917        563.0000                 68,605.0000    1,446,510.3917        563.0000                 68,605.0000  0.0360  0.0082
37     1,317,960.3474      2,333.0000             64,879.0000    1,464,253.9459      2,592.0000             72,080.0000    1,560,465.0513      2,762.0000             76,816.0000    1,447,120.4614      2,561.0000             71,237.0000    1,447,120.4614      2,561.0000             71,237.0000    1,447,120.4614        629.0000                 71,237.0000    1,447,120.4614        629.0000                 71,237.0000    1,447,120.4614        629.0000                 71,237.0000    1,447,120.4614        629.0000                 71,237.0000    1,447,120.4614        629.0000                 71,237.0000  0.0360  0.0088
38     1,318,885.2601      2,658.0000             67,598.0000    1,465,281.5240      2,953.0000             75,101.0000    1,561,560.1480      3,147.0000             80,036.0000    1,448,136.0156      2,919.0000             74,222.0000    1,448,136.0156      2,919.0000             74,222.0000    1,448,136.0156        862.0000                 74,222.0000    1,448,136.0156        862.0000                 74,222.0000    1,448,136.0156        862.0000                 74,222.0000    1,448,136.0156        862.0000                 74,222.0000    1,448,136.0156        862.0000                 74,222.0000  0.0393  0.0116
39     1,318,687.1844      2,556.0000             70,280.0000    1,465,061.4619      2,839.0000             78,081.0000    1,561,325.6264      3,026.0000             83,211.0000    1,447,918.5285      2,806.0000             77,167.0000    1,447,918.5285      2,806.0000             77,167.0000    1,447,918.5285      1,077.0000                 77,167.0000    1,447,918.5285      1,077.0000                 77,167.0000    1,447,918.5285      1,077.0000                 77,167.0000    1,447,918.5285      1,077.0000                 77,167.0000    1,447,918.5285      1,077.0000                 77,167.0000  0.0364  0.0140
40     1,315,813.4084      3,077.0000             73,197.0000    1,461,868.6967      3,418.0000             81,322.0000    1,557,923.0755      3,643.0000             86,665.0000    1,444,763.1224      3,378.0000             80,370.0000    1,444,763.1224      3,378.0000             80,370.0000    1,444,763.1224      1,319.0000                 80,370.0000    1,444,763.1224      1,319.0000                 80,370.0000    1,444,763.1224      1,319.0000                 80,370.0000    1,444,763.1224      1,319.0000                 80,370.0000    1,444,763.1224      1,319.0000                 80,370.0000  0.0420  0.0164
41     1,320,014.9629      3,250.0000             75,152.0000    1,466,536.6238      3,611.0000             83,493.0000    1,562,897.7161      3,848.0000             88,979.0000    1,449,376.4293      3,568.0000             82,516.0000    1,449,376.4293      3,568.0000             82,516.0000    1,449,376.4293      1,501.0000                 82,516.0000    1,449,376.4293      1,501.0000                 82,516.0000    1,449,376.4293      1,501.0000                 82,516.0000    1,449,376.4293      1,501.0000                 82,516.0000    1,449,376.4293      1,501.0000                 82,516.0000  0.0432  0.0182
42     1,317,755.5573      2,898.0000             77,197.0000    1,464,026.4241      3,220.0000             85,766.0000    1,560,222.5798      3,431.0000             91,401.0000    1,446,895.6019      3,182.0000             84,762.0000    1,446,895.6019      3,182.0000             84,762.0000    1,446,895.6019      1,779.0000                 84,762.0000    1,446,895.6019      1,779.0000                 84,762.0000    1,446,895.6019      1,779.0000                 84,762.0000    1,446,895.6019      1,779.0000                 84,762.0000    1,446,895.6019      1,779.0000                 84,762.0000  0.0375  0.0210
43     1,319,004.4412      3,018.0000             78,675.0000    1,465,413.9342      3,353.0000             87,408.0000    1,561,701.2584      3,573.0000             93,151.0000    1,448,266.8765      3,314.0000             86,385.0000    1,448,266.8765      3,314.0000             86,385.0000    1,448,266.8765      1,752.0000                 86,385.0000    1,448,266.8765      1,752.0000                 86,385.0000    1,448,266.8765      1,752.0000                 86,385.0000    1,448,266.8765      1,752.0000                 86,385.0000    1,448,266.8765      1,752.0000                 86,385.0000  0.0384  0.0203
44     1,317,325.8337      3,885.0000             80,703.0000    1,463,549.0013      4,316.0000             89,662.0000    1,559,713.7872      4,599.0000             95,553.0000    1,446,423.7655      4,265.0000             88,612.0000    1,446,423.7655      4,265.0000             88,612.0000    1,446,423.7655      2,078.0000                 88,612.0000    1,446,423.7655      2,078.0000                 88,612.0000    1,446,423.7655      2,078.0000                 88,612.0000    1,446,423.7655      2,078.0000                 88,612.0000    1,446,423.7655      2,078.0000                 88,612.0000  0.0481  0.0235
45     1,318,960.7974      2,909.0000             82,828.0000    1,465,365.4460      3,232.0000             92,022.0000    1,561,649.5842      3,444.0000             98,069.0000    1,448,218.9556      3,194.0000             90,945.0000    1,448,218.9556      3,194.0000             90,945.0000    1,448,218.9556      2,102.0000                 90,945.0000    1,448,218.9556      2,102.0000                 90,945.0000    1,448,218.9556      2,102.0000                 90,945.0000    1,448,218.9556      2,102.0000                 90,945.0000    1,448,218.9556      2,102.0000                 90,945.0000  0.0351  0.0231
46     1,318,275.9256      2,171.0000             85,416.0000    1,464,604.5533      2,412.0000             94,897.0000    1,560,838.6959      2,570.0000            101,133.0000    1,447,466.9663      2,384.0000             93,787.0000    1,447,466.9663      2,384.0000             93,787.0000    1,447,466.9663      2,278.0000                 93,787.0000    1,447,466.9663      2,278.0000                 93,787.0000    1,447,466.9663      2,278.0000                 93,787.0000    1,447,466.9663      2,278.0000                 93,787.0000    1,447,466.9663      2,278.0000                 93,787.0000  0.0254  0.0243
47     1,317,651.4836      1,692.0000             87,890.0000    1,463,910.7983      1,880.0000             97,645.0000    1,560,099.3566      2,004.0000            104,061.0000    1,446,781.3290      1,858.0000             96,503.0000    1,446,781.3290      1,858.0000             96,503.0000    1,446,781.3290      2,443.0000                 96,503.0000    1,446,781.3290      2,443.0000                 96,503.0000    1,446,781.3290      2,443.0000                 96,503.0000    1,446,781.3290      2,443.0000                 96,503.0000    1,446,781.3290      2,443.0000                 96,503.0000  0.0193  0.0253
48     1,315,934.2681      1,719.0000             90,818.0000    1,462,002.9719      1,910.0000            100,899.0000    1,558,066.1735      2,035.0000            107,529.0000    1,444,895.8264      1,888.0000             99,718.0000    1,444,895.8264      1,888.0000             99,718.0000    1,444,895.8264      2,585.0000                 99,718.0000    1,444,895.8264      2,585.0000                 99,718.0000    1,444,895.8264      2,585.0000                 99,718.0000    1,444,895.8264      2,585.0000                 99,718.0000    1,444,895.8264      2,585.0000                 99,718.0000  0.0189  0.0259
49     1,320,394.3282        471.0000             93,006.0000    1,466,958.0987        524.0000            103,330.0000    1,563,346.8846        558.0000            110,119.0000    1,449,792.9724        517.0000            102,121.0000    1,449,792.9724        517.0000            102,121.0000    1,449,792.9724      3,393.0000                102,121.0000    1,449,792.9724      3,393.0000                102,121.0000    1,449,792.9724      3,393.0000                102,121.0000    1,449,792.9724      3,393.0000                102,121.0000    1,449,792.9724      3,393.0000                102,121.0000  0.0051  0.0332
50     1,318,910.4392        712.0000             93,662.0000    1,465,309.4980        791.0000            104,059.0000    1,561,589.9600        843.0000            110,896.0000    1,448,163.6623        782.0000            102,841.0000    1,448,163.6623        782.0000            102,841.0000    1,448,163.6623      3,295.0000                102,841.0000    1,448,163.6623      3,295.0000                102,841.0000    1,448,163.6623      3,295.0000                102,841.0000    1,448,163.6623      3,295.0000                102,841.0000    1,448,163.6623      3,295.0000                102,841.0000  0.0076  0.0320
51     1,317,216.7243      1,055.0000             95,438.0000    1,463,427.7807      1,172.0000            106,032.0000    1,559,584.6015      1,249.0000            112,999.0000    1,446,303.9632      1,158.0000            104,791.0000    1,446,303.9632      1,158.0000            104,791.0000    1,446,303.9632      3,135.0000                104,791.0000    1,446,303.9632      3,135.0000                104,791.0000    1,446,303.9632      3,135.0000                104,791.0000    1,446,303.9632      3,135.0000                104,791.0000    1,446,303.9632      3,135.0000                104,791.0000  0.0111  0.0299
52     1,319,184.0522      1,506.0000             97,938.0000    1,465,613.4820      1,673.0000            108,809.0000    1,561,913.9178      1,783.0000            115,958.0000    1,448,464.0894      1,654.0000            107,536.0000    1,448,464.0894      1,654.0000            107,536.0000    1,448,464.0894      3,455.0000                107,536.0000    1,448,464.0894      3,455.0000                107,536.0000    1,448,464.0894      3,455.0000                107,536.0000    1,448,464.0894      3,455.0000                107,536.0000    1,448,464.0894      3,455.0000                107,536.0000  0.0154  0.0321
53     1,317,856.2737      3,275.0000            100,298.0000    1,464,138.3201      3,639.0000            111,431.0000    1,560,341.8281      3,878.0000            118,753.0000    1,447,006.1885      3,596.0000            110,127.0000    1,447,006.1885      3,596.0000            110,127.0000    1,447,006.1885      3,709.0000                110,127.0000    1,447,006.1885      3,709.0000                110,127.0000    1,447,006.1885      3,709.0000                110,127.0000    1,447,006.1885      3,709.0000                110,127.0000    1,447,006.1885      3,709.0000                110,127.0000  0.0327  0.0337
54     1,317,518.8736      3,863.0000            102,142.0000    1,463,763.4686      4,292.0000            113,480.0000    1,559,942.3464      4,574.0000            120,936.0000    1,446,635.7232      4,242.0000            112,152.0000    1,446,635.7232      4,242.0000            112,152.0000    1,446,635.7232      3,797.0000                112,152.0000    1,446,635.7232      3,797.0000                112,152.0000    1,446,635.7232      3,797.0000                112,152.0000    1,446,635.7232      3,797.0000                112,152.0000    1,446,635.7232      3,797.0000                112,152.0000  0.0378  0.0339
55     1,317,889.8459      3,692.0000            104,738.0000    1,464,175.6188      4,102.0000            116,364.0000    1,560,381.5775      4,371.0000            124,010.0000    1,447,043.0508      4,054.0000            115,003.0000    1,447,043.0508      4,054.0000            115,003.0000    1,447,043.0508      3,819.0000                115,003.0000    1,447,043.0508      3,819.0000                115,003.0000    1,447,043.0508      3,819.0000                115,003.0000    1,447,043.0508      3,819.0000                115,003.0000    1,447,043.0508      3,819.0000                115,003.0000  0.0353  0.0332
56     1,317,758.9145      4,139.0000            107,563.0000    1,464,030.1540      4,598.0000            119,502.0000    1,560,226.5547      4,900.0000            127,354.0000    1,446,899.2881      4,545.0000            118,104.0000    1,446,899.2881      4,545.0000            118,104.0000    1,446,899.2881      4,182.0000                118,104.0000    1,446,899.2881      4,182.0000                118,104.0000    1,446,899.2881      4,182.0000                118,104.0000    1,446,899.2881      4,182.0000                118,104.0000    1,446,899.2881      4,182.0000                118,104.0000  0.0385  0.0354
57     1,319,652.3837      4,407.0000            109,563.0000    1,466,133.7983      4,897.0000            121,725.0000    1,562,468.4223      5,218.0000            129,723.0000    1,448,978.3173      4,839.0000            120,301.0000    1,448,978.3173      4,839.0000            120,301.0000    1,448,978.3173      4,393.0000                120,301.0000    1,448,978.3173      4,393.0000                120,301.0000    1,448,978.3173      4,393.0000                120,301.0000    1,448,978.3173      4,393.0000                120,301.0000    1,448,978.3173      4,393.0000                120,301.0000  0.0402  0.0365
58     1,317,758.9145      5,177.0000            111,864.0000    1,464,030.1540      5,751.0000            124,281.0000    1,560,226.5547      6,129.0000            132,447.0000    1,446,899.2881      5,684.0000            122,827.0000    1,446,899.2881      5,684.0000            122,827.0000    1,446,899.2881      4,589.0000                122,827.0000    1,446,899.2881      4,589.0000                122,827.0000    1,446,899.2881      4,589.0000                122,827.0000    1,446,899.2881      4,589.0000                122,827.0000    1,446,899.2881      4,589.0000                122,827.0000  0.0463  0.0374
59     1,318,396.7853      5,172.0000            114,548.0000    1,464,738.8285      5,746.0000            127,263.0000    1,560,981.7938      6,124.0000            135,625.0000    1,447,599.6703      5,679.0000            125,773.0000    1,447,599.6703      5,679.0000            125,773.0000    1,447,599.6703      4,698.0000                125,773.0000    1,447,599.6703      4,698.0000                125,773.0000    1,447,599.6703      4,698.0000                125,773.0000    1,447,599.6703      4,698.0000                125,773.0000    1,447,599.6703      4,698.0000                125,773.0000  0.0452  0.0374
60     1,318,368.2490      5,347.0000            117,393.0000    1,464,707.1246      5,941.0000            130,424.0000    1,560,948.0068      6,331.0000            138,994.0000    1,447,568.3374      5,871.0000            128,898.0000    1,447,568.3374      5,871.0000            128,898.0000    1,447,568.3374      4,948.0000                128,898.0000    1,447,568.3374      4,948.0000                128,898.0000    1,447,568.3374      4,948.0000                128,898.0000    1,447,568.3374      4,948.0000                128,898.0000    1,447,568.3374      4,948.0000                128,898.0000  0.0455  0.0384
61     1,318,076.1713      5,768.0000            120,460.0000    1,464,382.6263      6,409.0000            133,832.0000    1,560,602.1868      6,830.0000            142,625.0000    1,447,247.6361      6,334.0000            132,266.0000    1,447,247.6361      6,334.0000            132,266.0000    1,447,247.6361      5,123.0000                132,266.0000    1,447,247.6361      5,123.0000                132,266.0000    1,447,247.6361      5,123.0000                132,266.0000    1,447,247.6361      5,123.0000                132,266.0000    1,447,247.6361      5,123.0000                132,266.0000  0.0479  0.0387
62     1,318,552.8958      6,261.0000            123,274.0000    1,464,912.2673      6,955.0000            136,957.0000    1,561,166.6287      7,413.0000            145,956.0000    1,447,771.0796      6,874.0000            135,355.0000    1,447,771.0796      6,874.0000            135,355.0000    1,447,771.0796      5,740.0000                135,355.0000    1,447,771.0796      5,740.0000                135,355.0000    1,447,771.0796      5,740.0000                135,355.0000    1,447,771.0796      5,740.0000                135,355.0000    1,447,771.0796      5,740.0000                135,355.0000  0.0508  0.0424
63     1,317,549.0885      6,190.0000            124,232.0000    1,463,797.0374      6,877.0000            138,022.0000    1,559,978.1208      7,329.0000            147,090.0000    1,446,668.8992      6,797.0000            136,407.0000    1,446,668.8992      6,797.0000            136,407.0000    1,446,668.8992      6,200.0000                136,407.0000    1,446,668.8992      6,200.0000                136,407.0000    1,446,668.8992      6,200.0000                136,407.0000    1,446,668.8992      6,200.0000                136,407.0000    1,446,668.8992      6,200.0000                136,407.0000  0.0498  0.0455
64     1,318,784.5437      6,657.0000            126,411.0000    1,465,169.6280      7,395.0000            140,442.0000    1,561,440.8997      7,881.0000            149,670.0000    1,448,025.4289      7,309.0000            138,799.0000    1,448,025.4289      7,309.0000            138,799.0000    1,448,025.4289      5,860.0000                138,799.0000    1,448,025.4289      5,860.0000                138,799.0000    1,448,025.4289      5,860.0000                138,799.0000    1,448,025.4289      5,860.0000                138,799.0000    1,448,025.4289      5,860.0000                138,799.0000  0.0527  0.0422
65     1,318,282.6400      7,164.0000            129,134.0000    1,464,612.0131      7,960.0000            143,468.0000    1,560,846.6458      8,483.0000            152,895.0000    1,447,474.3387      7,866.0000            141,790.0000    1,447,474.3387      7,866.0000            141,790.0000    1,447,474.3387      6,041.0000                141,790.0000    1,447,474.3387      6,041.0000                141,790.0000    1,447,474.3387      6,041.0000                141,790.0000    1,447,474.3387      6,041.0000                141,790.0000    1,447,474.3387      6,041.0000                141,790.0000  0.0555  0.0426
66     1,318,022.4559      6,928.0000            131,909.0000    1,464,322.9485      7,697.0000            146,551.0000    1,560,538.5877      8,202.0000            156,180.0000    1,447,188.6565      7,607.0000            144,836.0000    1,447,188.6565      7,607.0000            144,836.0000    1,447,188.6565      6,131.0000                144,836.0000    1,447,188.6565      6,131.0000                144,836.0000    1,447,188.6565      6,131.0000                144,836.0000    1,447,188.6565      6,131.0000                144,836.0000    1,447,188.6565      6,131.0000                144,836.0000  0.0525  0.0423
67     1,317,540.6955      7,644.0000            134,652.0000    1,463,787.7127      8,493.0000            149,599.0000    1,559,968.1835      9,051.0000            159,428.0000    1,446,659.6837      8,394.0000            147,848.0000    1,446,659.6837      8,394.0000            147,848.0000    1,446,659.6837      6,588.0000                147,848.0000    1,446,659.6837      6,588.0000                147,848.0000    1,446,659.6837      6,588.0000                147,848.0000    1,446,659.6837      6,588.0000                147,848.0000    1,446,659.6837      6,588.0000                147,848.0000  0.0568  0.0446
68     1,317,369.4775      7,304.0000            137,745.0000    1,463,597.4895      8,115.0000            153,034.0000    1,559,765.4614      8,648.0000            163,090.0000    1,446,471.6863      8,020.0000            151,244.0000    1,446,471.6863      8,020.0000            151,244.0000    1,446,471.6863      6,623.0000                151,244.0000    1,446,471.6863      6,623.0000                151,244.0000    1,446,471.6863      6,623.0000                151,244.0000    1,446,471.6863      6,623.0000                151,244.0000    1,446,471.6863      6,623.0000                151,244.0000  0.0530  0.0438
69     1,319,167.2662      7,191.0000            140,826.0000    1,465,594.8327      7,990.0000            156,457.0000    1,561,894.0431      8,514.0000            166,738.0000    1,448,445.6582      7,896.0000            154,627.0000    1,448,445.6582      7,896.0000            154,627.0000    1,448,445.6582      7,000.0000                154,627.0000    1,448,445.6582      7,000.0000                154,627.0000    1,448,445.6582      7,000.0000                154,627.0000    1,448,445.6582      7,000.0000                154,627.0000    1,448,445.6582      7,000.0000                154,627.0000  0.0511  0.0453
70     1,318,739.2213      8,253.0000            144,360.0000    1,465,119.2748      9,169.0000            160,384.0000    1,561,387.2380      9,772.0000            170,922.0000    1,447,975.6649      9,062.0000            158,507.0000    1,447,975.6649      9,062.0000            158,507.0000    1,447,975.6649      7,152.0000                158,507.0000    1,447,975.6649      7,152.0000                158,507.0000    1,447,975.6649      7,152.0000                158,507.0000    1,447,975.6649      7,152.0000                158,507.0000    1,447,975.6649      7,152.0000                158,507.0000  0.0572  0.0451
71     1,317,930.1324      8,322.0000            148,186.0000    1,464,220.3771      9,246.0000            164,635.0000    1,560,429.2768      9,853.0000            175,453.0000    1,447,087.2854      9,137.0000            162,709.0000    1,447,087.2854      9,137.0000            162,709.0000    1,447,087.2854      7,504.0000                162,709.0000    1,447,087.2854      7,504.0000                162,709.0000    1,447,087.2854      7,504.0000                162,709.0000    1,447,087.2854      7,504.0000                162,709.0000    1,447,087.2854      7,504.0000                162,709.0000  0.0562  0.0461
72     1,316,773.5719      8,047.0000            152,605.0000    1,462,935.4384      8,941.0000            169,545.0000    1,559,059.9091      9,528.0000            180,685.0000    1,445,817.3819      8,836.0000            167,561.0000    1,445,817.3819      8,836.0000            167,561.0000    1,445,817.3819      7,581.0000                167,561.0000    1,445,817.3819      7,581.0000                167,561.0000    1,445,817.3819      7,581.0000                167,561.0000    1,445,817.3819      7,581.0000                167,561.0000    1,445,817.3819      7,581.0000                167,561.0000  0.0527  0.0452
73     1,319,964.6047      8,236.0000            155,464.0000    1,466,480.6758      9,150.0000            172,720.0000    1,562,838.0920      9,751.0000            184,069.0000    1,449,321.1360      9,043.0000            170,699.0000    1,449,321.1360      9,043.0000            170,699.0000    1,449,321.1360      8,821.0000                170,699.0000    1,449,321.1360      8,821.0000                170,699.0000    1,449,321.1360      8,821.0000                170,699.0000    1,449,321.1360      8,821.0000                170,699.0000    1,449,321.1360      8,821.0000                170,699.0000  0.0530  0.0517
74     1,315,852.0164      9,299.0000            158,595.0000    1,461,911.5902     10,331.0000            176,199.0000    1,557,968.7874     11,010.0000            187,776.0000    1,444,805.5140     10,210.0000            174,137.0000    1,444,805.5140     10,210.0000            174,137.0000    1,444,805.5140      8,428.0000                174,137.0000    1,444,805.5140      8,428.0000                174,137.0000    1,444,805.5140      8,428.0000                174,137.0000    1,444,805.5140      8,428.0000                174,137.0000    1,444,805.5140      8,428.0000                174,137.0000  0.0586  0.0484
75     1,320,349.0058     10,085.0000            163,502.0000    1,466,907.7455     11,205.0000            181,651.0000    1,563,293.2229     11,941.0000            193,586.0000    1,449,743.2084     11,073.0000            179,525.0000    1,449,743.2084     11,073.0000            179,525.0000    1,449,743.2084      9,030.0000                179,525.0000    1,449,743.2084      9,030.0000                179,525.0000    1,449,743.2084      9,030.0000                179,525.0000    1,449,743.2084      9,030.0000                179,525.0000    1,449,743.2084      9,030.0000                179,525.0000  0.0617  0.0503
76     1,317,946.9185     10,797.0000            167,609.0000    1,464,239.0265     11,996.0000            186,214.0000    1,560,449.1515     12,784.0000            198,449.0000    1,447,105.7165     11,855.0000            184,035.0000    1,447,105.7165     11,855.0000            184,035.0000    1,447,105.7165      9,688.0000                184,035.0000    1,447,105.7165      9,688.0000                184,035.0000    1,447,105.7165      9,688.0000                184,035.0000    1,447,105.7165      9,688.0000                184,035.0000    1,447,105.7165      9,688.0000                184,035.0000  0.0644  0.0526
77     1,318,373.2848     10,377.0000            172,279.0000    1,464,712.7194     11,529.0000            191,402.0000    1,560,953.9692     12,286.0000            203,979.0000    1,447,573.8667     11,394.0000            189,163.0000    1,447,573.8667     11,394.0000            189,163.0000    1,447,573.8667     10,395.0000                189,163.0000    1,447,573.8667     10,395.0000                189,163.0000    1,447,573.8667     10,395.0000                189,163.0000    1,447,573.8667     10,395.0000                189,163.0000    1,447,573.8667     10,395.0000                189,163.0000  0.0602  0.0550
78     1,318,359.8560     11,110.0000            178,137.0000    1,464,697.8000     12,343.0000            197,910.0000    1,560,938.0695     13,154.0000            210,914.0000    1,447,559.1218     12,198.0000            195,594.0000    1,447,559.1218     12,198.0000            195,594.0000    1,447,559.1218     10,747.0000                195,594.0000    1,447,559.1218     10,747.0000                195,594.0000    1,447,559.1218     10,747.0000                195,594.0000    1,447,559.1218     10,747.0000                195,594.0000    1,447,559.1218     10,747.0000                195,594.0000  0.0624  0.0549
79     1,318,348.1057     10,983.0000            184,596.0000    1,464,684.7454     12,202.0000            205,086.0000    1,560,924.1572     13,004.0000            218,562.0000    1,447,546.2201     12,059.0000            202,687.0000    1,447,546.2201     12,059.0000            202,687.0000    1,447,546.2201     12,288.0000                202,687.0000    1,447,546.2201     12,288.0000                202,687.0000    1,447,546.2201     12,288.0000                202,687.0000    1,447,546.2201     12,288.0000                202,687.0000    1,447,546.2201     12,288.0000                202,687.0000  0.0595  0.0606
80     1,318,069.4569     11,590.0000            188,813.0000    1,464,375.1666     12,877.0000            209,771.0000    1,560,594.2369     13,723.0000            223,555.0000    1,447,240.2636     12,726.0000            207,317.0000    1,447,240.2636     12,726.0000            207,317.0000    1,447,240.2636     13,013.0000                207,317.0000    1,447,240.2636     13,013.0000                207,317.0000    1,447,240.2636     13,013.0000                207,317.0000    1,447,240.2636     13,013.0000                207,317.0000    1,447,240.2636     13,013.0000                207,317.0000  0.0614  0.0628
81     1,317,909.9892     13,636.0000            194,797.0000    1,464,197.9979     15,149.0000            216,420.0000    1,560,405.4272     16,144.0000            230,640.0000    1,447,065.1681     14,972.0000            213,887.0000    1,447,065.1681     14,972.0000            213,887.0000    1,447,065.1681     13,828.0000                213,887.0000    1,447,065.1681     13,828.0000                213,887.0000    1,447,065.1681     13,828.0000                213,887.0000    1,447,065.1681     13,828.0000                213,887.0000    1,447,065.1681     13,828.0000                213,887.0000  0.0700  0.0647
82     1,317,711.9135     13,919.0000            200,784.0000    1,463,977.9359     15,464.0000            223,071.0000    1,560,170.9055     16,480.0000            237,728.0000    1,446,847.6810     15,283.0000            220,461.0000    1,446,847.6810     15,283.0000            220,461.0000    1,446,847.6810     14,989.0000                220,461.0000    1,446,847.6810     14,989.0000                220,461.0000    1,446,847.6810     14,989.0000                220,461.0000    1,446,847.6810     14,989.0000                220,461.0000    1,446,847.6810     14,989.0000                220,461.0000  0.0693  0.0680
83     1,315,308.1475     14,313.0000            206,784.0000    1,461,307.3519     15,901.0000            229,737.0000    1,557,324.8467     16,946.0000            244,832.0000    1,444,208.3460     15,715.0000            227,048.0000    1,444,208.3460     15,715.0000            227,048.0000    1,444,208.3460     15,155.0000                227,048.0000    1,444,208.3460     15,155.0000                227,048.0000    1,444,208.3460     15,155.0000                227,048.0000    1,444,208.3460     15,155.0000                227,048.0000    1,444,208.3460     15,155.0000                227,048.0000  0.0692  0.0667
84     1,321,092.6289     15,048.0000            216,085.0000    1,467,733.9108     16,718.0000            240,071.0000    1,564,173.6727     17,816.0000            255,845.0000    1,450,559.7066     16,522.0000            237,262.0000    1,450,559.7066     16,522.0000            237,262.0000    1,450,559.7066     17,296.0000                237,262.0000    1,450,559.7066     17,296.0000                237,262.0000    1,450,559.7066     17,296.0000                237,262.0000    1,450,559.7066     17,296.0000                237,262.0000    1,450,559.7066     17,296.0000                237,262.0000  0.0696  0.0729
85     1,318,584.7894     16,808.0000            224,803.0000    1,464,947.7010     18,674.0000            249,756.0000    1,561,204.3906     19,901.0000            266,167.0000    1,447,806.0987     18,456.0000            246,834.0000    1,447,806.0987     18,456.0000            246,834.0000    1,447,806.0987     17,808.0000                246,834.0000    1,447,806.0987     17,808.0000                246,834.0000    1,447,806.0987     17,808.0000                246,834.0000    1,447,806.0987     17,808.0000                246,834.0000    1,447,806.0987     17,808.0000                246,834.0000  0.0748  0.0721
86     1,318,215.4957     15,594.0000            233,327.0000    1,464,537.4157     17,325.0000            259,226.0000    1,560,767.1469     18,463.0000            276,259.0000    1,447,400.6143     17,122.0000            256,193.0000    1,447,400.6143     17,122.0000            256,193.0000    1,447,400.6143     20,397.0000                256,193.0000    1,447,400.6143     20,397.0000                256,193.0000    1,447,400.6143     20,397.0000                256,193.0000    1,447,400.6143     20,397.0000                256,193.0000    1,447,400.6143     20,397.0000                256,193.0000  0.0668  0.0796
87     1,315,976.2333     19,865.0000            241,959.0000    1,462,049.5952     22,070.0000            268,816.0000    1,558,115.8603     23,520.0000            286,479.0000    1,444,941.9042     21,812.0000            265,671.0000    1,444,941.9042     21,812.0000            265,671.0000    1,444,941.9042     21,049.0000                265,671.0000    1,444,941.9042     21,049.0000                265,671.0000    1,444,941.9042     21,049.0000                265,671.0000    1,444,941.9042     21,049.0000                265,671.0000    1,444,941.9042     21,049.0000                265,671.0000  0.0821  0.0792
88     1,320,375.8636     20,780.0000            253,337.0000    1,466,937.5844     23,086.0000            281,458.0000    1,563,325.0224     24,603.0000            299,951.0000    1,449,772.6982     22,816.0000            278,164.0000    1,449,772.6982     22,816.0000            278,164.0000    1,449,772.6982     22,909.0000                278,164.0000    1,449,772.6982     22,909.0000                278,164.0000    1,449,772.6982     22,909.0000                278,164.0000    1,449,772.6982     22,909.0000                278,164.0000    1,449,772.6982     22,909.0000                278,164.0000  0.0820  0.0824
89     1,318,687.1844     22,945.0000            266,475.0000    1,465,061.4619     25,492.0000            296,054.0000    1,561,325.6264     27,167.0000            315,507.0000    1,447,918.5285     25,194.0000            292,590.0000    1,447,918.5285     25,194.0000            292,590.0000    1,447,918.5285     24,740.0000                292,590.0000    1,447,918.5285     24,740.0000                292,590.0000    1,447,918.5285     24,740.0000                292,590.0000    1,447,918.5285     24,740.0000                292,590.0000    1,447,918.5285     24,740.0000                292,590.0000  0.0861  0.0846
90     1,318,052.6708     23,127.0000            281,868.0000    1,464,356.5172     25,693.0000            313,155.0000    1,560,574.3622     27,383.0000            333,732.0000    1,447,221.8325     25,394.0000            309,491.0000    1,447,221.8325     25,394.0000            309,491.0000    1,447,221.8325     27,036.0000                309,491.0000    1,447,221.8325     27,036.0000                309,491.0000    1,447,221.8325     27,036.0000                309,491.0000    1,447,221.8325     27,036.0000                309,491.0000    1,447,221.8325     27,036.0000                309,491.0000  0.0821  0.0874
91     1,317,941.8827     27,193.0000            300,205.0000    1,464,233.4317     30,211.0000            333,527.0000    1,560,443.1891     32,196.0000            355,442.0000    1,447,100.1872     29,858.0000            329,625.0000    1,447,100.1872     29,858.0000            329,625.0000    1,447,100.1872     29,271.0000                329,625.0000    1,447,100.1872     29,271.0000                329,625.0000    1,447,100.1872     29,271.0000                329,625.0000    1,447,100.1872     29,271.0000                329,625.0000    1,447,100.1872     29,271.0000                329,625.0000  0.0906  0.0888
92     1,318,025.8131     28,528.0000            316,009.0000    1,464,326.6783     31,695.0000            351,086.0000    1,560,542.5627     33,778.0000            374,155.0000    1,447,192.3428     31,324.0000            346,978.0000    1,447,192.3428     31,324.0000            346,978.0000    1,447,192.3428     34,300.0000                346,978.0000    1,447,192.3428     34,300.0000                346,978.0000    1,447,192.3428     34,300.0000                346,978.0000    1,447,192.3428     34,300.0000                346,978.0000    1,447,192.3428     34,300.0000                346,978.0000  0.0903  0.0989
93     1,318,343.0699     33,615.0000            337,393.0000    1,464,679.1506     37,346.0000            374,844.0000    1,560,918.1947     39,800.0000            399,474.0000    1,447,540.6907     36,909.0000            370,458.0000    1,447,540.6907     36,909.0000            370,458.0000    1,447,540.6907     35,910.0000                370,458.0000    1,447,540.6907     35,910.0000                370,458.0000    1,447,540.6907     35,910.0000                370,458.0000    1,447,540.6907     35,910.0000                370,458.0000    1,447,540.6907     35,910.0000                370,458.0000  0.0996  0.0969
94     1,318,074.4927     36,725.0000            368,459.0000    1,464,380.7614     40,802.0000            409,358.0000    1,560,600.1993     43,482.0000            436,255.0000    1,447,245.7930     40,324.0000            404,568.0000    1,447,245.7930     40,324.0000            404,568.0000    1,447,245.7930     41,959.0000                404,568.0000    1,447,245.7930     41,959.0000                404,568.0000    1,447,245.7930     41,959.0000                404,568.0000    1,447,245.7930     41,959.0000                404,568.0000    1,447,245.7930     41,959.0000                404,568.0000  0.0997  0.1037
95     1,318,640.1834     40,938.0000            407,755.0000    1,465,009.2438     45,482.0000            453,015.0000    1,561,269.9772     48,471.0000            482,782.0000    1,447,866.9214     44,950.0000            447,715.0000    1,447,866.9214     44,950.0000            447,715.0000    1,447,866.9214     50,598.0000                447,715.0000    1,447,866.9214     50,598.0000                447,715.0000    1,447,866.9214     50,598.0000                447,715.0000    1,447,866.9214     50,598.0000                447,715.0000    1,447,866.9214     50,598.0000                447,715.0000  0.1004  0.1130
96     1,318,306.1405     49,740.0000            460,821.0000    1,464,638.1221     55,261.0000            511,972.0000    1,560,874.4704     58,892.0000            545,612.0000    1,447,500.1423     54,615.0000            505,981.0000    1,447,500.1423     54,615.0000            505,981.0000    1,447,500.1423     61,253.0000                505,981.0000    1,447,500.1423     61,253.0000                505,981.0000    1,447,500.1423     61,253.0000                505,981.0000    1,447,500.1423     61,253.0000                505,981.0000    1,447,500.1423     61,253.0000                505,981.0000  0.1079  0.1211
97     1,318,099.6718     65,637.0000            538,144.0000    1,464,408.7354     72,922.0000            597,878.0000    1,560,630.0114     77,714.0000            637,162.0000    1,447,273.4396     72,069.0000            590,882.0000    1,447,273.4396     72,069.0000            590,882.0000    1,447,273.4396     76,511.0000                590,882.0000    1,447,273.4396     76,511.0000                590,882.0000    1,447,273.4396     76,511.0000                590,882.0000    1,447,273.4396     76,511.0000                590,882.0000    1,447,273.4396     76,511.0000                590,882.0000  0.1220  0.1295
98     1,316,528.4952     87,653.0000            686,045.0000    1,462,663.1582     97,379.0000            762,196.0000    1,558,769.7383    103,783.0000            812,277.0000    1,445,548.2877     96,243.0000            753,277.0000    1,445,548.2877     96,243.0000            753,277.0000    1,445,548.2877    110,975.0000                753,277.0000    1,445,548.2877    110,975.0000                753,277.0000    1,445,548.2877    110,975.0000                753,277.0000    1,445,548.2877    110,975.0000                753,277.0000    1,445,548.2877    110,975.0000                753,277.0000  0.1278  0.1473
99     1,319,959.5689    321,322.0000          1,563,023.0000    1,466,475.0810    356,989.0000          1,736,519.0000    1,562,832.1296    380,445.0000          1,850,619.0000    1,449,315.6066    352,811.0000          1,716,199.0000    1,449,315.6066    352,811.0000          1,716,199.0000    1,449,315.6066    373,393.0000              1,716,199.0000    1,449,315.6066    373,393.0000              1,716,199.0000    1,449,315.6066    373,393.0000              1,716,199.0000    1,449,315.6066    373,393.0000              1,716,199.0000    1,449,315.6066    373,393.0000              1,716,199.0000  0.2056  0.2176
ALL  131,819,212.9500  1,129,986.0000         13,344,325.0000  146,451,145.5874  1,255,410.0000         14,825,545.0000  156,073,948.1328  1,337,906.0000         15,799,681.0000  144,737,495.8191  1,240,725.0000         14,652,069.0000  144,737,495.8191  1,240,725.0000         14,652,069.0000  144,737,495.8191  1,238,624.0000             14,652,069.0000  144,737,495.8191  1,238,624.0000             14,652,069.0000  144,737,495.8191  1,238,624.0000             14,652,069.0000  144,737,495.8191  1,238,624.0000             14,652,069.0000  144,737,495.8191  1,238,624.0000             14,652,069.0000  0.0847  0.0845

